Elapsed 
Time 
 
	Sample 
Number 
 
	Pump 
Voltage 
V 
[V]	Bath 
Temp 
T1 
[°C]	Datum 
Temp 
T2 
[°C]	Shape 
Temp 
T3 
[°C]
00:00	1	12.2	70.9	32.4	24.3
00:01	2	12.2	71.0	29.2	24.5
00:02	3	12.2	71.0	25.9	24.9
00:03	4	12.2	71.0	22.6	25.3
00:04	5	12.2	71.0	19.4	25.8
00:05	6	12.2	71.0	16.1	26.4
00:06	7	12.2	70.9	12.9	27.2
00:07	8	12.2	70.9	9.6	28.3
00:08	9	12.2	70.9	6.4	29.5
00:09	10	12.2	70.8	3.2	30.8
00:10	11	12.2	70.7	0.0	32.3
00:11	12	12.2	70.6	0.0	33.6
00:12	13	12.2	70.6	0.0	35.1
00:13	14	12.2	70.5	0.0	36.6
00:14	15	12.2	70.4	0.0	38.1
00:15	16	12.2	70.3	0.0	39.6
00:16	17	12.2	70.3	0.0	41.0
00:17	18	12.2	70.2	0.0	42.4
00:18	19	12.2	70.2	0.0	43.7
00:19	20	12.2	70.1	0.0	44.9
00:20	21	12.2	70.1	0.0	46.0
00:21	22	12.2	70.1	0.0	47.1
00:22	23	12.2	70.0	0.0	48.2
00:23	24	12.2	70.0	0.0	49.2
00:24	25	12.2	70.0	0.0	50.1
00:25	26	12.2	69.9	0.0	51.0
00:26	27	12.2	69.9	0.0	51.9
00:27	28	12.2	69.9	0.0	52.7
00:28	29	12.2	69.9	0.0	53.5
00:29	30	12.2	69.9	0.0	54.3
00:30	31	12.2	69.9	0.0	55.0
00:31	32	12.2	69.9	0.0	55.8
00:32	33	12.2	69.9	0.0	56.4
00:33	34	12.2	69.9	0.0	57.1
00:34	35	12.2	69.8	0.0	57.7
00:35	36	12.2	69.8	0.0	58.3
00:36	37	12.2	69.8	0.0	58.9
00:37	38	12.2	69.7	0.0	59.5
00:38	39	12.2	69.7	0.0	60.0
00:39	40	12.2	69.6	0.0	60.5
00:40	41	12.2	69.6	0.0	61.0
00:41	42	12.2	69.6	0.0	61.4
00:42	43	12.2	69.6	0.0	61.9
00:43	44	12.2	69.5	0.0	62.3
00:44	45	12.2	69.5	0.0	62.7
00:45	46	12.2	69.5	0.0	63.1
00:46	47	12.2	69.5	0.0	63.5
00:47	48	12.2	69.4	0.0	63.9
00:48	49	12.2	69.4	0.0	64.2
00:49	50	12.2	69.4	0.0	64.6
00:50	51	12.2	69.4	0.0	64.9
00:51	52	12.2	69.4	0.0	65.2
00:52	53	12.2	69.4	0.0	65.5
00:53	54	12.2	69.4	0.0	65.8
00:54	55	12.2	69.3	0.0	66.0
00:55	56	12.2	69.3	0.0	66.3
00:56	57	12.2	69.3	0.0	66.6
00:57	58	12.2	69.3	0.0	66.8
00:58	59	12.2	69.3	0.0	67.1
00:59	60	12.2	69.3	0.0	67.3
01:00	61	12.2	69.2	0.0	67.5
01:01	62	12.2	69.2	0.0	67.7
01:02	63	12.2	69.2	0.0	67.9
01:03	64	12.2	69.3	0.0	68.1
01:04	65	12.2	69.3	0.0	68.3
01:05	66	12.2	69.3	0.0	68.4
01:06	67	12.2	69.3	0.0	68.5
01:07	68	12.2	69.4	0.0	68.7
01:08	69	12.2	69.4	0.0	68.8
01:09	70	12.2	69.4	0.0	69.0
01:10	71	12.2	69.4	0.0	69.1
01:11	72	12.2	69.4	0.0	69.2
01:12	73	12.2	69.4	0.0	69.4
01:13	74	12.2	69.4	0.0	69.5
01:14	75	12.2	69.4	0.0	69.6
01:20	76	12.2	69.4	0.0	70.3
01:21	77	12.2	69.4	0.0	70.4
01:22	78	12.2	69.4	0.0	70.5
01:23	79	12.2	69.3	0.0	70.6
01:24	80	12.2	69.4	0.0	70.7
01:25	81	12.2	69.4	0.0	70.8
01:26	82	12.2	69.4	0.0	70.9
01:27	83	12.2	69.4	0.0	70.9
01:28	84	12.2	69.4	0.0	71.0
01:29	85	12.2	69.4	0.0	71.1
01:30	86	12.2	69.4	0.0	71.2
01:31	87	12.2	69.4	0.0	71.2
01:32	88	12.2	69.4	0.0	71.3
01:33	89	12.2	69.4	0.0	71.4
01:34	90	12.2	69.4	0.0	71.4
01:35	91	12.2	69.4	0.0	71.5
01:36	92	12.2	69.4	0.0	71.5
01:37	93	12.2	69.4	0.0	71.6
01:38	94	12.2	69.4	0.0	71.6
01:39	95	12.2	69.4	0.0	71.7
01:40	96	12.2	69.4	0.0	71.7
01:41	97	12.2	69.4	0.0	71.8
01:42	98	12.2	69.4	0.0	71.8
01:43	99	12.2	69.4	0.0	71.9
01:44	100	12.2	69.4	0.0	71.9
01:45	101	12.2	69.4	0.0	72.0
01:46	102	12.2	69.4	0.0	72.0
01:47	103	12.2	69.5	0.0	72.1
01:48	104	12.2	69.5	0.0	72.1
01:49	105	12.2	69.5	0.0	72.1
01:50	106	12.2	69.5	0.0	72.2
01:51	107	12.2	69.5	0.0	72.2
01:52	108	12.2	69.5	0.0	72.2
01:53	109	12.2	69.5	0.0	72.3
01:54	110	12.2	69.5	0.0	72.3
01:55	111	12.2	69.5	0.0	72.3
01:56	112	12.2	69.5	0.0	72.3
01:57	113	12.2	69.5	0.0	72.4
01:58	114	12.2	69.6	0.0	72.4
01:59	115	12.2	69.6	0.0	72.4
02:00	116	12.2	69.6	0.0	72.4
02:01	117	12.2	69.6	0.0	72.5
02:02	118	12.2	69.6	0.0	72.5
02:03	119	12.2	69.6	0.1	72.0
02:04	120	12.2	69.6	0.9	71.6
02:05	121	12.2	69.6	1.7	71.0
02:06	122	12.2	69.6	3.0	70.6
02:07	123	12.2	69.6	4.5	70.0
02:08	124	12.2	69.6	6.3	69.6
02:09	125	12.2	69.6	8.3	69.0
02:10	126	12.2	69.6	10.2	68.5
02:11	127	12.2	69.6	12.2	68.0
02:12	128	12.2	69.6	14.3	67.5
02:13	129	12.2	69.6	16.4	67.4
02:14	130	12.2	69.6	17.9	67.4
02:15	131	12.2	69.6	19.4	67.4
02:16	132	12.2	69.6	20.6	67.3
02:17	133	12.2	69.6	21.3	67.3
02:18	134	12.2	69.6	21.8	67.3
02:19	135	12.2	69.6	22.1	67.2
02:20	136	12.2	69.6	22.3	67.1
02:21	137	12.2	69.7	22.5	67.1
02:22	138	12.2	69.7	22.5	67.1
02:23	139	12.2	69.7	22.6	67.0
02:24	140	12.2	69.7	22.4	67.0
02:25	141	12.2	69.7	22.3	66.9
02:26	142	12.2	69.7	22.3	66.9
02:27	143	12.2	69.7	22.4	66.8
02:28	144	12.2	69.7	22.6	66.8
02:29	145	12.2	69.7	22.9	66.8
02:30	146	12.2	69.7	23.1	66.7
02:31	147	12.2	69.6	23.4	66.7
02:32	148	12.2	69.6	24.0	66.7
02:33	149	12.2	69.6	24.5	66.6
02:34	150	12.2	69.6	25.0	66.6
02:35	151	12.2	69.6	25.4	66.6
02:36	152	12.2	69.6	25.7	66.6
02:37	153	12.2	69.6	26.0	66.5
02:38	154	12.2	69.6	26.2	66.5
02:39	155	12.2	69.6	26.5	66.5
02:40	156	12.2	69.7	26.7	66.5
02:41	157	12.2	69.7	26.9	66.5
02:42	158	12.2	69.7	27.3	66.5
02:43	159	12.2	69.7	27.6	66.5
02:44	160	12.2	69.7	28.1	66.5
02:45	161	12.2	69.7	28.8	66.5
02:46	162	12.2	69.8	29.4	66.6
02:47	163	12.2	69.8	29.9	66.6
02:48	164	12.2	69.8	30.4	66.6
02:49	165	12.2	69.8	31.0	66.6
02:50	166	12.2	69.9	31.7	66.6
02:51	167	12.2	69.9	32.3	66.6