Elapsed 
Time 
 
	Sample 
Number 
 
	Pump 
Voltage 
V 
[V]	Bath 
Temp 
T1 
[°C]	Datum 
Temp 
T2 
[°C]	Shape 
Temp 
T3 
[°C]
00:00	1	12.2	71.8	30.2	26.2
00:01	2	12.2	71.8	26.8	26.2
00:02	3	12.2	71.8	23.4	26.2
00:03	4	12.2	71.8	20.1	26.2
00:04	5	12.2	71.8	16.8	26.2
00:05	6	12.2	71.8	13.4	26.1
00:06	7	12.2	71.8	10.0	26.1
00:07	8	12.2	71.8	6.7	26.2
00:08	9	12.2	71.8	3.3	26.2
00:09	10	12.2	71.7	0.0	26.3
00:10	11	12.2	71.7	0.0	26.5
00:11	12	12.2	71.6	0.0	26.8
00:12	13	12.2	71.5	0.0	27.1
00:13	14	12.2	71.5	0.0	27.5
00:14	15	12.2	71.4	0.0	28.0
00:15	16	12.2	71.3	0.0	28.6
00:16	17	12.2	71.1	0.0	29.3
00:17	18	12.2	71.0	0.0	30.0
00:18	19	12.2	70.9	0.0	30.8
00:19	20	12.2	70.8	0.0	31.7
00:20	21	12.2	70.7	0.0	32.5
00:21	22	12.2	70.6	0.0	33.4
00:22	23	12.2	70.5	0.0	34.3
00:23	24	12.2	70.4	0.0	35.1
00:24	25	12.2	70.4	0.0	36.0
00:25	26	12.2	70.3	0.0	36.9
00:26	27	12.2	70.3	0.0	37.7
00:27	28	12.2	70.3	0.0	38.5
00:28	29	12.2	70.3	0.0	39.3
00:29	30	12.2	70.2	0.0	40.1
00:30	31	12.2	70.2	0.0	40.8
00:31	32	12.2	70.2	0.0	41.6
00:32	33	12.2	70.1	0.0	42.3
00:33	34	12.2	70.1	0.0	43.1
00:34	35	12.2	70.1	0.0	43.7
00:35	36	12.2	70.1	0.0	44.4
00:36	37	12.2	70.1	0.0	45.1
00:37	38	12.2	70.1	0.0	45.7
00:38	39	12.2	70.1	0.0	46.3
00:39	40	12.2	70.1	0.0	47.0
00:40	41	12.2	70.1	0.0	47.5
00:41	42	12.2	70.1	0.0	48.1
00:42	43	12.2	70.1	0.0	48.6
00:43	44	12.2	70.1	0.0	49.2
00:44	45	12.2	70.1	0.0	49.7
00:45	46	12.2	70.0	0.0	50.2
00:46	47	12.2	69.9	0.0	50.7
00:47	48	12.2	69.9	0.0	51.1
00:48	49	12.2	69.9	0.0	51.6
00:49	50	12.2	69.8	0.0	52.0
00:50	51	12.2	69.8	0.0	52.4
00:51	52	12.2	69.8	0.0	52.9
00:52	53	12.2	69.8	0.0	53.3
00:53	54	12.2	69.8	0.0	53.6
00:54	55	12.2	69.8	0.0	54.0
00:55	56	12.2	69.8	0.0	54.4
00:56	57	12.2	69.9	0.0	54.8
00:57	58	12.2	69.8	0.0	55.1
00:58	59	12.2	69.8	0.0	55.5
00:59	60	12.2	69.8	0.0	55.8
01:00	61	12.2	69.8	0.0	56.1
01:01	62	12.2	69.8	0.0	56.4
01:02	63	12.2	69.8	0.0	56.7
01:03	64	12.2	69.8	0.0	57.0
01:04	65	12.2	69.7	0.0	57.3
01:05	66	12.2	69.7	0.0	57.6
01:06	67	12.2	69.7	0.0	57.9
01:07	68	12.2	69.6	0.0	58.1
01:08	69	12.2	69.6	0.0	58.4
01:09	70	12.2	69.6	0.0	58.6
01:10	71	12.2	69.6	0.0	58.9
01:11	72	12.2	69.6	0.0	59.2
01:12	73	12.2	69.6	0.0	59.4
01:13	74	12.2	69.6	0.0	59.6
01:14	75	12.2	69.6	0.0	59.8
01:15	76	12.2	69.6	0.0	60.1
01:16	77	12.2	69.6	0.0	60.3
01:17	78	12.2	69.6	0.0	60.5
01:18	79	12.2	69.6	0.0	60.7
01:19	80	12.2	69.6	0.0	60.9
01:20	81	12.2	69.5	0.0	61.1
01:21	82	12.2	69.5	0.0	61.2
01:22	83	12.2	69.5	0.0	61.4
01:23	84	12.2	69.5	0.0	61.6
01:24	85	12.2	69.5	0.0	61.8
01:25	86	12.2	69.5	0.0	62.0
01:26	87	12.2	69.5	0.0	62.1
01:27	88	12.2	69.5	0.0	62.3
01:28	89	12.2	69.6	0.0	62.4
01:29	90	12.2	69.6	0.0	62.6
01:30	91	12.2	69.6	0.0	62.7
01:31	92	12.2	69.6	0.0	62.9
01:32	93	12.2	69.6	0.0	63.0
01:33	94	12.2	69.6	0.0	63.2
01:34	95	12.2	69.6	0.0	63.3
01:35	96	12.2	69.6	0.0	63.4
01:36	97	12.2	69.6	0.0	63.5
01:37	98	12.2	69.6	0.0	63.7
01:38	99	12.2	69.6	0.0	63.8
01:39	100	12.2	69.6	0.0	63.9
01:40	101	12.2	69.6	0.0	64.0
01:41	102	12.2	69.6	0.0	64.2
01:42	103	12.2	69.6	0.0	64.3
01:43	104	12.2	69.6	0.0	64.4
01:44	105	12.2	69.6	0.0	64.5
01:45	106	12.2	69.6	0.0	64.6
01:46	107	12.2	69.6	0.0	64.7
01:47	108	12.2	69.6	0.0	64.8
01:48	109	12.2	69.6	0.0	64.9
01:49	110	12.2	69.6	0.0	65.0
01:50	111	12.2	69.6	0.0	65.1
01:51	112	12.2	69.6	0.0	65.2
01:52	113	12.2	69.6	0.0	65.3
01:53	114	12.2	69.6	0.0	65.4
01:54	115	12.2	69.6	0.0	65.5
01:55	116	12.2	69.7	0.0	65.5
01:56	117	12.2	69.7	0.0	65.6
01:57	118	12.2	69.7	0.0	65.7
01:58	119	12.2	69.7	0.0	65.8
01:59	120	12.2	69.7	0.0	65.9
02:00	121	12.2	69.7	0.0	65.9
02:01	122	12.2	69.7	0.0	66.0
02:02	123	12.2	69.7	0.0	66.1
02:03	124	12.2	69.7	0.0	66.2
02:04	125	12.2	69.7	0.0	66.2
02:05	126	12.2	69.7	0.0	66.3
02:06	127	12.2	69.7	0.0	66.4
02:07	128	12.2	69.7	0.0	66.4
02:08	129	12.2	69.7	0.0	66.5
02:09	130	12.2	69.7	0.0	66.6
02:10	131	12.2	69.8	0.0	66.6
02:11	132	12.2	69.8	0.0	66.7
02:12	133	12.2	69.8	0.0	66.8
02:13	134	12.2	69.8	0.0	66.8
02:14	135	12.2	69.8	0.0	66.9
02:15	136	12.2	69.8	0.0	66.9